*COORDINATES
14
1 0 0
2 2 0
3 4 0
4 6 0
5 8 0
6 2 2
7 4 2
8 6 2
9 8 2
10 4 4
11 6 4
12 8 4
13 6 6
14 6 8

*ELEMENT_GROUPS
1
1 28 BAR

*INCIDENCES
1 1 2
2 2 3
3 3 4
4 4 5
5 6 7
6 7 8
7 8 9
8 10 11
9 11 12
10 13 14
11 2 6
12 3 7
13 7 10
14 4 8
15 8 11
16 11 13
17 5 9
18 9 12
19 12 14
20 1 6
21 6 10
22 10 13
23 2 7
24 7 11
25 4 9
26 4 7
27 9 11
28 12 13

*MATERIALS
1
210E9 1570E6 1570E6

*GEOMETRIC_PROPERTIES
1
225E-4

*BCNODES
6
1 1
1 2
2 2
3 2
4 2
5 1
5 2

*LOADS
6
6 2 -20E3
10 2 -20E3
13 2 -20E3
14 2 -20E3
14 1 16E3
12 1 16E3
